417017312
436892903
1255841389
1552758311
1868371746
1666397722
56236684
1586743505
1410376261
413673015
632388668
1675985111
526214255
776733249
969415211
39235138
1914233770
1039146058
2043778898
193175593
1113593892
38306933
1185865587
270431401
2033333473
682879844
512847298
1951506112
1009667307
777830031
243895447
1426684619
1214722935
1499736836
831959282
935611033
1018650910
888195966
374870890
281543524
1301868981
1007259558
1957528635
1828083236
1783992808
779460199
1867318374
1550742930
1818606257
1763613625
1743918524
784716501
1801920558
782300463
1055147903
1687770384
1465180307
1567995201
1491792848
327363966
198341585
1735688295
1754048585
1413064520
1087941484
438524219
201191905
2106592394
1326720185
576062795
240652270
481105518
1583322353
50697258
161705107
1219831513
830157457
2029023481
623090796
501280066
1645153458
219525672
1285996567
1299590369
1001826135
193660822
839877105
319522795
1761656024
184186305
646886761
1959997609
1919874601
253451699
1225578481
860332437
691975918
1426770386
819441183
2018696104
2002833181
1060093454
352317974
1438671886
1110790712
514023081
511019752
1940948169
395562915
1134110548
294744587
2040716373
1353636220
1580741154
1192823094
207978707
1774401977
2032700199
527501502
1388574353
69402857
1174388264
1201088314
1989277458
1427839963
279183147
702126247
2119815881
1705953533
1521567430
1991028337
1561303066
434177236
195862664
852491304
1544967948
709885745
1363511056
1338432469
1105448660
350137956
1633177056
998681386
1703774176
1066434563
44020832
1911752884
693352892
2076721032
291770738
2081927245
2146123889
1466159002
1135531911
1987917699
746515317
1414715058
542560298
718847551
973184943
2064127728
562392240
387004361
350821317
758254904
1239495665
1895789265
1468140650
455523074
1086738087
426105662
805661030
572431495
1424787048
361951559
1638866058
1468807881
126220795
184735302
1398045265
417991533
119178899
1396685506
1884150536
1254710810
1237119557
483182205
521942220
1779679855
1202029756
1495127163
1696323935
1764421997
1882131524
2047145252
375193253
974143542
1795450870
1843333903
1429666616
734705309
121955918
87843998
1307136804
1546742966
449795557
798519215
868067199
576016352
983254517
118628816
994007886
1102433417
1515314322
730674774
209660579
604950231
1213856979
731602800
237146438
268403088
79246315
1933470374
2032825085
1961377840
1833131978
260534690
788037734
1481099200
2103868594
70220702
68320861
78340864
158064700
1375457666
1625083830
607860258
26493233
345667382
1183876610
1009747750
464296198
30400848
2112181167
1979610521
761075622
174358099
437077104
1974932602
905960899
674223543
95852042
985207214
460210269
2128677127
799101406
145858599
241728169
1587139140
1626957800
198113115
1657359842
1695278661
276453979
1815424543
923252679
1901537810
275801153
949745912
99721544
1459677763
1959493663
564017742
1490078612
1924191182
396144615
103670586
2098549281
833221720
2078603188
857026532
1507445263
26971582
1842233747
1967655532
8165061
493851505
2113514131
249893231
2080990646
1592988283
448006346
1590866840
1140783297
724460326
1258807735
2064035976
478514488
1534608888
866298241
578236032
846803004
678308256
1142253774
189397968
455015790
1538398390
293068554
406081424
224136462
224188095
1263107956
1731581725
251159677
957858055
1551753609
259324739
1451709561
1517784092
509217970
1385216559
963288728
957224316
828599751
2104072025
1681684642
2087407487
2020624353
12715482
1474532727
739438946
590951514
173852083
1417747202
1733205289
363250051
1872762993
1124120031
656318606
131360769
1348256493
880506701
1394468725
932354570
1131666378
204843133
336624531
1390991117
1656552694
1854408623
1900209087
894285605
670213703
709949756
1722885356
626802080
244150750
1662809195
499942786
256866233
989858275
1239381732
847817747
1163710358
509645287
433539388
1526960410
234924632
1557659419
35795368
366285401
758432264
916302069
1760754126
1690786834
2047968447
1965597259
2027411365
1291475917
1474666305
1734336341
1044201356
221468262
257066396
1754151112
1944353619
883868477
1998301863
1459679166
1383811263
107684448
302053793
475709347
955502195
1465764152
985354634
1389041584
845240914
1220279266
799217355
881036282
1586564667
1557649620
1797338351
1199835146
1100952806
1697823150
1017948757
980880524
841815419
345131415
567733217
1886016776
566599677
824799613
1492684240
363469648
1708668090
1343502455
1823148815
944995705
1451186903
2125202608
1420705053
259205451
1443483112
258576039
1648247035
141240378
1478855306
299980742
1022276660
917936325
1857630362
672131363
2117771471
811099521
222470866
988236581
1791980045
1064286285
1333367996
212229614
802819413
1899967673
1037029227
148020006
115953674
598213670
1491522461
1939102489
1543209375
795225717
1916821449
816430780
1054431168
1212820914
1075006820
555194555
1354061292
406378478
855175297
228854305
1324314803
565322012
900985668
1294602627
1376421533
1123456534
135355560
1020917930
40259172
1468723556
1233147544
843078585
1221207581
122693123
991098591
1337161255
720906793
335137405
1128780096
116632521
1130363122
898117898
933063301
37310642
2110938812
2008070121
592505197
1317516456
266964951
1447680494
1546370761
1591279755
2013002506
299872782
738398734
1241940391
1423329316
873754294
115374673
1463588488
194994202
1348522217
159183426
1416201783
1471215341
1150282017
605879391
44638486
1485419422
1734659487
161271007
468298896
485293737
1094334309
505609538
448748901
954920782
1098114735
1766265358
1221885734
398311582
1165152471
665681841
263830440
1465025253
1404080575
1505770832
740870922
130351221
1621145505
56975762
325345423
822184075
216159188
1741547206
145915768
1366441206
199942949
190554254
704376980
1934602437
351825262
1172675877
272412526
1446159571
1678285415
721161428
253596705
628916503
339943138
1475482439
1027228085
1505095609
2141164280
1291058525
822637215
1397761207
649345709
1563508137
1528112428
123007567
1620483899
1853457851
945191642
1836643088
1447521410
1091107410
1055600646
1647464359
1281661664
1759977626
1434583148
1633486926
785169855
1706995675
932162849
315971623
280673455
1185759555
944888126
620616593
513758346
1972116211
2125712202
507438979
1115691088
800865769
1905200186
1765036798
216890258
1285828967
1888044365
1837374158
991803170
685752359
1526533598
291840932
1776859769
434650596
1939305292
911037785
47144574
1226404792
397041064
832314430
785916819
1329203913
1148286053
1066590274
367479820
2093174179
1687206867
881238167
1917806742
1665435422
1388677146
886014182
318817543
1146393684
503567332
535707802
284739003
244128049
225598312
1276542174
929880408
1752131910
1568383106
559256529
39298858
1360204750
1470294315
86443432
439125895
1867335379
918757862
1225042714
1049055644
2067043915
144149341
1416535465
2012734446
1831356208
150289984
1783057540
1349307982
1538967130
521588075
1668125526
537877166
1025155407
56349680
822616170
1269283457
281947992
2099158344
51680217
2034079902
1520057802
610936747
2073378760
732778905
2081231062
12338544
1171904800
1801082793
931096407
249463866
702654789
850656674
393613207
2119190254
715907473
77485768
121996590
351481365
1426793750
1660963720
873069440
947435628
51357239
1898224848
1003785308
873973409
1020024657
1285733300
825648105
1071704874
1172329554
198222259
1682641621
1098224666
931001164
1616389035
1110563211
2102905964
1269988180
2041659618
204886183
1972642970
744832644
598499390
1944349576
1460740117
675985158
2066346167
1812221483
2102778909
1579826239
537807275
902730889
1631183478
288548475
1906516198
357673239
1308573132
1044765850
1183321344
232794359
69611757
1381543604
1915435980
1167836423
165061120
1384341368
130915986
120483437
506845900
25091956
325369620
332005222
769924601
923869010
128871151
83181070
1599854169
47733670
1895402553
1555149430
1627559909
285726181
310396671
1111259740
574274656
69429221
1468932979
1882847789
1114195072
504770676
2115642148
1183806829
1886314280
1883594480
204159604
2051375400
1120452200
335075591
24375189
1627298101
360167547
349744809
1959303323
1130092148
1273613820
2088174474
1213273219
725984341
2135908144
961192124
133650123
1615984406
1246918305
444046794
579760498
1821192962
513476016
2048693477
1556557103
1627671088
405980505
1524715603
663994269
144811137
1260826435
868153873
48702890
233794988
1203229464
73078079
1861093089
1563397012
422822889
1672912764
546005512
1696436709
1613603591
1759278731
274937402
1602028087
572987208
408587525
1070528845
1819905513
852634319
1650289343
1493614827
1366110335
1551499173
902688282
846297775
1957479678
279920237
1510292044
2102290816
1540746673
230962270
3510058
1774541661
1434191734
76588137
1488151102
850105098
499411026
1013580218
1396110611
48364087
479700161
1007905694
323301489
2081728249
1580892902
731889014
1004773446
1253314768
1584523334
507579142
599445947
803150021
2059078315
1502134230
1649447797
1869074345
1782054467
1012256193
1823881513
1175317492
1243218463
1827391571
802375505
529926550
1903979709
143042959
1380031648
255907087
1156623178
628658611
304271175
1636323339
1636564306
627572664
1570567940
1069973560
1359461679
427857739
175804680
796501365
935436881
775250628
1599651386
847031548
129901210
1101615535
568622245
1911955677
2113871729
245020111
939789522
1209606544
2072411682
1742165027
1739533094
1828907743
1885207987
972081095
2084814831
894347517
1600739706
241602358
383187208
1089820364
869175022
1953755149
12310277
81153053
234129240
188114957
877654418
1169566121
963365585
329822157
2016597669
1093266795
1431437692
437736266
857738825
1397825773
682756377
1797528347
459948670
607684412
1392209726
51998116
289108507
1129934065
1024079211
226439690
2024281582
477335270
468042048
259985143
1567155634
1337217071
66256644
1579465911
1418370124
300385884
1767580869
148540895
1469952005
583462806
478363052
1339066026
1676729602
1909800744
1776802292
386984779
1160142870
312075022
37029478
1620091540
919759434
1429239204
1672089656
1208867941
411689622
548685220
1435307632
288487556
1026020490
1903349680
548472699
445692476
1093083103
614729343
2025158388
363969580
915115227
1645255609
512510475
237583584
81234767
990873527
1576649610
1757964369
753190623
1205968255
2144949148
1913333493
1518043277
34494978
1385941385
290319063
1463734183
910547394
1499187004
1875423805
1459232614
787010988
16427713
337769456
542877021
564900413
783461932
1635960124
1179629756
661136672
1999929704
2094744984
158908633
364956531
184844920
240143401
1355830058
1761494531
1998107770
2109020682
819979138
1995573271